CPU0:0~100000
Mean Velocity = (-24291.7,-24291.7)
Time cost = 204.564(sec)

real	3m25.033s
user	0m0.012s
sys	0m0.011s


CPU0:0~50000
CPU1:50000~100000
Mean Velocity = (-12145.9,-12145.9)
Time cost = 51.615(sec)

real	0m51.739s
user	0m0.007s
sys	0m0.016s


CPU0:0~25000CPU1:25000~50000
CPU2:50000~75000
CPU3:75000~100000

Mean Velocity = (-6072.93,-6072.93)
Time cost = 13.3175(sec)

real	0m13.446s
user	0m0.007s
sys	0m0.018s


CPU0:0~16667
CPU1:16667~33334
CPU2:33334~50001
CPU3:50001~66668
CPU4:66668~83334
CPU5:83334~100000
Mean Velocity = (-4048.62,-4048.62)
Time cost = 6.05631(sec)

real	0m6.184s
user	0m0.011s
sys	0m0.012s


CPU0:0~12500
CPU1:12500~25000
CPU2:25000~37500
CPU3:37500~50000
CPU4:50000~62500
CPU5:62500~75000
CPU6:75000~87500
CPU7:87500~100000
Mean Velocity = (-3036.46,-3036.46)
Time cost = 3.65116(sec)

real	0m3.785s
user	0m0.005s
sys	0m0.019s


CPU0:0~8334
CPU1:8334~16668
CPU2:16668~25002
CPU3:25002~33336
CPU4:33336~41669
CPU5:41669~50002
CPU6:50002~58335
CPU7:58335~66668
CPU8:66668~75001
CPU9:75001~83334
CPU10:83334~91667
CPU11:91667~100000
Mean Velocity = (-2024.31,-2024.31)
Time cost = 1.65715(sec)

real	0m1.820s
user	0m0.008s
sys	0m0.016s


CPU0:0~6250
CPU1:6250~12500
CPU2:12500~18750
CPU3:18750~25000
CPU4:25000~31250
CPU5:31250~37500
CPU6:37500~43750
CPU7:43750~50000
CPU8:50000~56250
CPU9:56250~62500
CPU10:62500~68750
CPU11:68750~75000
CPU12:75000~81250
CPU13:81250~87500
CPU14:87500~93750
CPU15:93750~100000
Mean Velocity = (-1518.23,-1518.23)
Time cost = 0.931243(sec)

real	0m1.091s
user	0m0.008s
sys	0m0.016s


CPUCPU1:5000~10000
CPU2:10000~15000
CPU3:15000~20000
CPU4:20000~25000
CPU5:25000~30000
CPU6:30000~35000
CPU7:35000~40000
CPU8:40000~45000
CPU9:45000~50000
CPU10:50000~55000
CPU11:55000~60000
CPU12:60000~65000
CPU13:65000~70000
CPU14:70000~75000
CPU15:75000~80000
CPU16:80000~85000
CPU17:85000~90000
CPU18:90000~95000
CPU19:95000~100000
0:0~5000
Mean Velocity = (-1214.59,-1214.59)
Time cost = 0.59322(sec)

real	0m0.782s
user	0m0.006s
sys	0m0.018s


